train_file = 
test_file = 
[[6.1, 210.0, 38.0], [6.9, 270.0, 29.0], [5.4, 190.0, 10.0], [4.1, 200.0, 36.0], [2.4, 180.0, 29.0], [6.3, 190.0, 39.0], [5.4, 180.0, 22.0], [6.8, 210.0, 35.0], [3.6, 220.0, 18.0], [3.5, 180.0, 32.0], [1.9, 220.0, 25.0], [2.5, 180.0, 30.0], [6.1, 200.0, 43.0], [4.4, 280.0, 17.0], [4.8, 180.0, 35.0], [1.4, 160.0, 49.0], [4.3, 260.0, 16.0], [6.3, 150.0, 27.0], [4.9, 210.0, 22.0], [7.2, 200.0, 37.0]]
[17.0, 18.2, 6.3, 8.8, 2.4, 15.9, 10.1, 12.5, 6.0, 8.0, 4.0, 7.7, 15.8, 12.9, 11.1, 5.6, 10.0, 8.5, 10.5, 16.1]
[[4.4, 320.0, 50.0], [2.1, 170.0, 5.0], [4.7, 200.0, 23.0], [6.3, 240.0, 38.0], [3.6, 150.0, 36.0]]
[16.7, 1.3, 6.4, 14.1, 7.5]
[[  6.1 210.   38. ]
 [  6.9 270.   29. ]
 [  5.4 190.   10. ]
 [  4.1 200.   36. ]
 [  2.4 180.   29. ]
 [  6.3 190.   39. ]
 [  5.4 180.   22. ]
 [  6.8 210.   35. ]
 [  3.6 220.   18. ]
 [  3.5 180.   32. ]
 [  1.9 220.   25. ]
 [  2.5 180.   30. ]
 [  6.1 200.   43. ]
 [  4.4 280.   17. ]
 [  4.8 180.   35. ]
 [  1.4 160.   49. ]
 [  4.3 260.   16. ]
 [  6.3 150.   27. ]
 [  4.9 210.   22. ]
 [  7.2 200.   37. ]]
[17.  18.2  6.3  8.8  2.4 15.9 10.1 12.5  6.   8.   4.   7.7 15.8 12.9
 11.1  5.6 10.   8.5 10.5 16.1]
[[  4.4 320.   50. ]
 [  2.1 170.    5. ]
 [  4.7 200.   23. ]
 [  6.3 240.   38. ]
 [  3.6 150.   36. ]]
[16.7  1.3  6.4 14.1  7.5]
